#ANGLE -180 ~ +180
InitPose:
  ID1: 0
  ID2: 1.46268
  ID3: 16.4558
  ID4: -34.0578
  ID5: -17.6019
  ID6: -1.46268
  ID7: 0
  ID8: 1.46268
  ID9: -16.4558
  ID10: 34.0578
  ID11: 17.6019
  ID12: 1.46268
  ID13: 0
  ID14: -50
  ID15: -30
  ID16: 0
  ID17: 50
  ID18: 30
  ID19: 0
  ID20: 0
  ID21: 0
  ID22: 0
